 0.00000E+00  0.00000E+00 -3.00000E+01  0.00000E+00  0.00000E+00 -2.40000E+01  0.00000E+00  5.02500E-01  2.21896E+02 0.01331 
 0.00000E+00  0.00000E+00 -2.40000E+01  0.00000E+00  0.00000E+00 -1.80000E+01  0.00000E+00  5.02500E-01  4.71624E+02 0.00940 
 0.00000E+00  0.00000E+00 -1.80000E+01  0.00000E+00  0.00000E+00 -1.20000E+01  0.00000E+00  5.02500E-01  6.64887E+02 0.00815 
 0.00000E+00  0.00000E+00 -1.20000E+01  0.00000E+00  0.00000E+00 -6.00000E+00  0.00000E+00  5.02500E-01  7.93733E+02 0.00686 
 0.00000E+00  0.00000E+00 -6.00000E+00  0.00000E+00  0.00000E+00  0.00000E+00  0.00000E+00  5.02500E-01  8.69415E+02 0.00714 
 0.00000E+00  0.00000E+00  0.00000E+00  0.00000E+00  0.00000E+00  6.00000E+00  0.00000E+00  5.02500E-01  8.55284E+02 0.00659 
 0.00000E+00  0.00000E+00  6.00000E+00  0.00000E+00  0.00000E+00  1.20000E+01  0.00000E+00  5.02500E-01  7.85397E+02 0.00755 
 0.00000E+00  0.00000E+00  1.20000E+01  0.00000E+00  0.00000E+00  1.80000E+01  0.00000E+00  5.02500E-01  6.55091E+02 0.00784 
 0.00000E+00  0.00000E+00  1.80000E+01  0.00000E+00  0.00000E+00  2.40000E+01  0.00000E+00  5.02500E-01  4.72063E+02 0.00923 
 0.00000E+00  0.00000E+00  2.40000E+01  0.00000E+00  0.00000E+00  3.00000E+01  0.00000E+00  5.02500E-01  2.20309E+02 0.01347 
